101.540786927608
237.498243340606
802.111050892074
852.874247628814
904.885188874641
1203.7442121399
1294.27705935176
1305.10496346112
1389.103859296
1429.26710092684
1525.68591021274
1540.8188793281
1765.47598379687
1773.82174794574
1834.83983832894
1838.14731937646
1922.59713242224
2072.46692414681
2196.06357952966
2274.41300602424
2315.08645282173
2363.47415070651
3461.62286606047
3532.48776891729
3779.94200250494
4165.92631123729
4357.4775676219
4715.53252736522
4720.07402280321
4763.83062103395
5106.36832782847
6120.43114444654
7167.53417275608
7225.73872590495
7254.25074392306
7431.67458312433
7468.24462309451
7543.97237848711
7642.18249738749
7748.87835501074
7942.09828625892
8180.80296925308
8527.76994575179
8821.49819428271
8955.65500177037
9058.56857452627
9533.80057543678
9617.75828939589
9857.50488435319
9982.40843643915
10164.2456913668
10242.5101755011
10379.1924086358
11381.2789533115
11792.5752631736
12181.2299665547
12405.1947537677
12575.4674304096
12683.0402629136
12741.6307704113
13113.6554646417
13613.6867853144
13869.7589611754
15113.0992536933
15153.970960355
15737.429609401
16349.7862669841
18598.7060048402
19168.0903826314
19332.813879785
19369.1924487428
20466.9834264457
20475.7336445872
20570.6221671656
20903.6498086582
21508.369908124
21684.4247223229
21762.6876314765
21816.8522593423
22080.9340058297
22240.8884920981
22398.3665298782
22400.5567889418
22577.9080725377
22746.6094758063
22920.5566671791
22980.4712015141
22988.2489429219
23004.3475352621
23035.1190277161
23038.0361931658
23221.6007622953
23249.2732043325
23506.0853182703
24071.2187445676
24225.4033785128
24396.8271174837
24463.3710298083
24533.6251445798
24671.4925419005
24690.7330192507
24887.3872258495
24949.0309861028
25293.6834035822
25692.2531288356
25727.1892217066
25739.6847566342
25744.3461577089
25945.7032624625
25972.3360759644
26102.5024828124
26112.2268874868
26127.4888153151
26192.2382422055
26447.2771065383
26636.742220108
26873.6874701397
26888.7478937755
26944.0672974169
27019.9671694643
27316.3820728516
27645.6543395054
27661.0653362871
28176.0352510803
28546.6771960306
28622.5918001599
30037.4447274839
31181.1784258637
31236.0343100391
31864.6532482753
32179.8455088878
32191.0402199306
32699.1616191821
32778.2463672694
32912.8065083098
32987.2660906545
33049.0350387582
33109.7513118264
33154.4580674035
35509.7572164401
37022.8669092489
38532.0846965767
38828.2004724819
38901.2337742356
38964.8668713278
39201.9658601316
39413.8396698127
39739.1348730759
40288.4737495294
41461.1562304386
43560.8871970086
45313.4244802159
45418.9434759441
45521.8558973977
45971.1060244267
46195.0399153791
46518.8062132274
47104.4791654022
49083.2717301092
49094.7758719338
49326.6928415966
49607.8082695914
50380.604691759
50846.3810012734
50872.298468672
50975.8497214836
51168.6519753219
51341.3711772282
51398.7613728789
51456.4925130788
51626.1856062149
51788.7560503105
51799.5568998382
51921.1009470593
52112.1161980191
52254.9438216213
52385.8957480871
52570.4629278559
52750.8303175783
52752.260540181
52917.602230864
53087.8277305681
53113.7314042321
53136.2836504002
54956.4297044336
56126.558591388
57295.950782206
57616.1649821705
57945.3495318931
58201.7781971669
58984.3476773086
59030.5182678059
59125.594598307
59132.8831769079
59356.3506626426
59981.2550691059
59996.7859986761
60022.8670393457
60591.8440839221
60760.1362510235
60782.3402269666
60828.0048373743
60877.9916519832
60889.3808161178
60890.5901906898
60927.9608461469
61046.3584301429
61066.0085562275
61178.0552299002
61178.4071981366
61187.8411969515
61327.2569472409
61357.2558536971
61423.1195022025
61448.1934032114
61503.969709604
61533.1962633384
61596.2065258424
61683.5529395409
61749.7544814396
61795.5139210347
61829.028819832
61901.7237219495
61904.6160982151
61919.1736008266
62281.0179592939
62408.7553367458
62767.456470642
62841.9076035556
63377.8766761259
63577.8103518246
63763.736651265
64054.1334442352
64357.7638895305
64523.0267972765
64847.5660135959
65774.9310212661
66129.3855340529
66144.8984706174
66350.3342713657
67975.1520357192
68027.2365891439
68742.4287325354
69186.1411234101
69209.3404867095
69433.9457387548
69513.9338659471
70148.3334663046
70344.7992904168
70431.1114996309
73776.9819694592
75049.702184038
76397.7511391738
76710.1892766915
77101.1132577002
77542.0782772948
77755.782000736
77857.5640739252
78404.7499325441
78410.1667223879
78496.1673598115
78579.4510161817
78695.7360266821
78833.3625975407
79139.1744017285
79648.0312244682
82232.8323680043
82506.3593251804
82851.4725822167
84878.8984611849
85097.706633488
85120.065567003
85343.9538000262
85609.5786080654
85610.3040024318
85628.6895331985
85735.0333595451
85784.5695720194
85812.6784132189
86374.4436343268
86379.6402132864
86587.4239199366
86703.760309762
86707.95860321
86797.4965288005
86891.9414102576
86927.2382835074
86973.0699810081
88002.7823187164
88230.5354727215
88327.24814209
88483.2453095008
88514.8075032106
88592.6486083683
88668.8726902092
88675.0387109549
89112.6246766197
89165.6844821434
89256.7037442926
89387.6939124071
90179.0207225315
90883.3244682166
91191.2496335297
91271.7461067938
91289.1419268841
91401.0868511905
91926.7395921575
92060.4547649408
92717.9833243914
93181.0346006422
93649.5037896685
93660.3791569263
93900.1849114674
93997.6578837929
94278.850801582
94335.5500348144
94353.4492654081
94427.5761107295
94481.2705205285
94513.7333455545
94720.8917105781
94724.7524907489
95014.5060744372
95049.9618233777
95692.4530552578
96496.3398457802
96501.2551376627
96513.7672208973
96519.5308709053
96549.8803406769
96631.1649722893
96931.6154551338
96987.9092860063
97112.9530196279
97159.7364204242
97180.8850487019
97206.6427549448
97213.9351083316
97253.6778063405
97409.1669906998
97493.2705953315
97515.1399368047
97537.3497663121
97590.4385881288
97610.6021652419
97669.0250416483
97680.9803836128
97687.7348728328
97745.1666368174
97793.3414404998
98513.7230375246
99197.3149502276
100124.434009173
100467.20345685
100488.330285942
100540.713863286
100961.270351292
101039.665101419
101561.281336245
101700.658426814
102038.51517056
102114.60135282
102137.197487838
102700.656747681
102717.806897001
103750.213765256
103868.592139545
104230.994034619
104351.947898768
104406.13324077
104412.804915758
104456.883898657
104590.154842686
104687.223932581
104731.112125829
105107.021883231
105259.222188005
105419.20530418
106057.354763654
106589.798315739
106800.421409078
106875.197089014
106878.377622927
106932.905568463
107025.752050385
107178.359773624
107302.881925022
107342.612787586
107481.349193085
107561.386756139
107666.50780344
107706.731194875
107730.700413058
107778.617188885
107883.594192294
107891.140376678
107903.08211728
108227.063415238
108605.756052901
109314.004740381
109478.555592274
110170.798131877
110385.182561285
110640.471987715
110802.63888798
111531.583392597
111686.494296162
111981.790353086
112009.60557353
112618.407123067
113135.582352416
113534.326640736
113929.799318811
113968.050648553
114354.30454922
114794.249978646
115389.675864676
115811.244531244
116089.036598651
116617.31002777
116796.605614171
117050.676663596
117171.095577014
117346.699020239
117377.806150121
117381.765208879
117693.515828952
117710.623952784
117896.350443395
117959.694704456
117969.617806556
117983.168394116
118057.990088361
119736.573057468
120009.249256339
120094.654736767
120282.333272105
120306.536260001
120634.751422026
121134.328059636
121270.19349421
121812.99502542
122993.523681272
123046.609722413
123570.598391822
123933.01083249
124427.522840437
124662.125268804
124774.936581865
124796.272798112
124802.94839237
125137.076790711
125160.489281662
126252.301659024
126361.891800336
127373.805721666
128212.608472151
128530.223902037
128619.078582449
128924.022840069
128926.47516581
129492.990168888
129701.515085005
130204.105963137
130366.063865023
130446.714765709
130637.282521355
130849.057023133
130854.988001049
131224.529443596
131647.779515585
132249.726737579
132910.799046277
134034.425268583
135256.528557457
135650.484857142
136878.916432793
136888.04050836
136955.384854699
137034.577690361
137352.792524194
137357.093380172
137597.203020408
137597.333866268
137645.283864035
137780.722291041
137819.794232423
137912.233519874
137958.168415854
138031.446160159
138039.772302349
138061.997826057
138242.070934359
138273.464298952
138344.391544762
138511.670532379
138558.816475615
138597.348490923
138694.757388304
138850.916122142
138922.352848482
139071.091067195
139076.102066622
139087.005460113
139143.150899061
139310.295257902
139450.056908699
139779.9350033
141318.774501445
141789.05582625
141789.210097865
141806.474883133
141856.149157099
142341.960011201
142753.891611537
145478.126992417
145617.972343367
145792.226594555
145922.683019958
145925.87037383
145961.046706651
145989.017368914
146031.50973703
146134.662083501
146196.342636616
146241.315797024
146456.217975936
146654.730789437
147349.779654324
148411.545950083
148444.411551898
148826.79388012
148858.261466617
149344.229615529
149481.463952376
149589.458748164
150426.462840949
150531.608011049
150920.027075471
151108.398275363
151350.138833416
151470.996579065
151730.008219614
152545.749876374
152721.78896153
152931.218446864
153073.271476102
153223.38140548
153258.450453811
153571.404590912
153589.060602461
153627.659028549
153979.156405924
153987.12586802
153998.374233784
154163.046260162
154520.073368131
154896.290436361
155027.682604677
155079.650541588
155258.482122405
155353.822232597
155424.558071099
155438.81602066
155516.682555692
155639.695513267
155648.399679037
155714.142873503
155759.894505828
155946.870555588
156118.346675481
156263.43031276
156443.144184829
156830.710465809
156844.458324095
157241.658517676
157389.813661942
157419.171956114
157919.283726189
158081.580103577
158203.569634703
158667.869250896
158932.432406692
160081.017169829
160981.624485859
161031.342085117
161668.178894853
161933.433717199
161997.004007861
162924.898596575
163007.429694673
163641.074681555
165013.079879369
165299.029575119
166860.506000362
166883.847300055
167057.973315788
167496.238172081
167626.518947886
167708.289880492
167779.653532115
167942.683712034
168416.567205285
169958.91831274
170262.534395016
170365.435626423
170406.730557033
170785.639464137
170884.776257278
171531.966000256
171912.061162163
172781.475400549
172950.475112571
173051.616830663
173336.169002674
174877.629350931
176320.795911499
176525.404493088
176569.899068719
176908.787950417
177061.471514082
177179.39199082
177383.919863264
177401.831628664
177862.190303821
177911.584457478
178321.190630792
178379.797762461
178412.340432625
179615.9915475
179641.837243883
179689.097898955
179726.828737436
180259.564751681
180597.500142259
180618.588282368
181058.766898352
181157.086982538
181163.995285816
181381.006855832
181891.367264002
182060.512742632
182241.097443164
182305.113643947
182491.048943761
182547.736351947
182633.086102141
182693.705601619
182898.980861832
183005.779159863
183043.464083621
183053.761638094
183164.105593286
183316.660676769
183346.384882974
183361.845671302
183442.839056467
183715.338869306
183856.821615818
183964.791913019
184031.304750558
184057.690773764
184065.038531149
185806.153198172
186194.643154609
186203.660547236
186262.708837457
186452.440420931
186522.676613939
186571.816684955
187236.774584443
187472.037533172
187546.257435285
187699.416914543
187723.087844492
187734.16415052
187829.427938003
187899.592838396
188029.653410142
188511.01978484
188903.399380875
188942.531960387
188962.811847646
189551.213919361
190034.374208809
190070.049487844
192103.205108631
192520.868205252
193072.689247847
193421.924557908
194054.839326891
194054.99276032
195355.885492853
195424.342471488
195442.453959825
195532.13933265
195742.145379422
196215.80876221
197253.236603564
198210.265825485
198535.063887128
198537.185478012
198586.101251408
198610.263220519
198655.040263765
200760.827145642
201187.158881878
201745.36146372
202872.886626828
203089.218417176
203238.863733258
203454.457831696
203629.040757567
203835.058846274
203855.816154285
203869.413159236
203883.943639533
203986.012645417
204198.61300132
204329.448532445
206380.767269764
206835.037374238
207190.588407227
207349.494088613
207973.502929219
208351.447025577
208803.691530751
209409.30378917
209590.404839854
209717.894655159
209769.647576329
210173.648393835
210327.184109747
210327.344960141
210361.386662285
210492.067740995
210502.070998872
210595.99453942
210637.388963623
210725.159644345
210732.672983124
211077.218232575
211198.148048093
211208.880796615
211245.612803728
211465.740588923
211466.144365956
211516.542676733
211787.083948565
212263.296215001
212707.379110668
212916.738625089
212925.693423095
213581.066525144
213667.326118002
213861.833508255
214215.354470643
214449.852296294
214541.202155433
214633.738666118
215004.19770811
215229.919041882
215685.531845623
215875.485146248
216470.221840783
216624.089125869
217383.595792541
217550.289406977
217573.709725449
217777.753226116
218177.153684975
218197.737318582
218363.968423301
218386.087503119
218546.589781146
218835.868654634
219103.356985955
219104.55933642
219230.618497113
219514.921349722
219549.35519834
219798.538211989
219831.195456213
219880.733478562
219960.986621484
220359.308060904
220395.868669162
221160.486633201
221789.406745211
221813.709792943
221889.356993195
221908.158985209
221942.467921012
222107.830593356
222180.095749987
222187.174002366
222351.666748423
222553.899267645
222608.844860579
222614.253016025
222701.982903318
222801.191978913
222838.452447152
223001.102480567
223024.901148562
223042.852200583
223082.376510553
223163.740434511
224331.041757713
226218.914489619
226845.296653347
227187.348593898
227532.410067825
227811.86858143
227894.880056193
228174.417121654
228382.130828174
228382.739775888
228754.118032094
229347.150695097
229782.611989679
229863.486515819
229878.214836516
231715.632238232
232304.31881351
232372.067053318
232533.66045236
232549.933619557
232873.135237073
232953.929021644
233216.827944111
233350.115039005
233385.910526386
233453.040067596
233610.531730019
233691.340968199
233708.647972861
233753.464242176
233838.748964015
233891.090932748
233965.871866802
234042.763300647
234046.617041848
234069.624126976
234106.404093729
234146.236045156
234383.823939175
234502.354876304
234636.596400066
235964.747276565
239176.870787032
239218.421369626
239221.888832945
239483.334534544
240411.784254008
240470.55237606
240676.912056461
243003.614255649
244220.215981405
244449.377911868
244661.826219197
244919.245255421
244964.076945028
245870.61939854
246265.222188192
246267.159647588
246641.949719505
247011.536643088
247746.40853155
248226.599918593
249728.466694634
250138.32728322
250738.00105073
250845.433213953
250851.711943962
251468.331275887
251793.485603292
251883.880370116
252798.185144809
253441.851874758
253509.327612162
253730.067458084
253789.577949092
254099.427991648
254284.449293194
254285.932446402
254292.448178168
254466.717650789
254551.295605737
254588.036879706
254592.889721365
254778.803040432
254808.209746143
254970.24928134
255147.22252858
255625.298615252
256035.086819032
256359.673791495
256613.040559291
256633.42084181
257082.365917563
257153.586038284
257282.660203505
257432.699250049
257525.944724911
258282.048837442
258425.16602631
258610.340320398
258643.757535719
258648.698275339
260837.508319479
262162.023900189
263128.845889609
263513.07280505
263993.325941771
264564.090132543
265536.577103593
265551.8482659
265860.600615885
266320.896444458
267411.665512856
267726.116700629
268408.155533831
268426.019319736
268618.715790631
268753.226535336
268838.440607105
269455.45215317
269536.119411465
269829.012353048
269851.273066126
270000.826144973
270224.470907016
270469.285688685
270675.256719964
270803.672103917
271591.749101014
271804.746954028
271918.141062082
272854.670763163
275528.089476762
275582.614110736
275672.668683265
276060.155784677
276265.99705357
276339.217678715
276382.736730523
276534.638615388
277402.980563053
277486.43732914
277647.293409737
278101.327567808
278114.3021634
278310.55514645
278535.923705562
278886.714963134
279144.668131612
279533.067006987
279789.369632058
280070.600548765
280296.447793776
282325.130142141
282349.887473645
282487.671162493
282518.883586653
282708.071144989
282795.782868336
282812.131509359
282851.456125442
283230.048207872
283608.397147461
285673.746999141
287341.014050881
288805.511522674
288817.577717278
289523.087543714
290521.814238306
291301.442677655
291566.717214677
291743.413229831
292222.45159396
293133.098264436
293253.689238258
293332.544357586
293909.69462787
293983.789747983
294018.775901822
294408.582226039
294595.686415082
295071.948909292
295467.638141847
296627.534974029
296900.038383916
297147.013494588
300540.674199184
301293.393690151
302518.616484222
302559.86646401
302829.13497241
302835.885400626
302863.621686318
302903.944901429
302976.839272634
303059.995149522
303200.852962716
303304.872551494
303306.396222901
303358.435036791
303381.237449789
303528.059995469
303530.016675321
303668.788427219
303740.314298729
303865.336097452
304104.202385113
304108.460705817
304514.536351458
305391.754239021
305557.606637005
306094.224848123
306157.977056494
306225.49144688
306529.114792027
307816.353122481
308086.89528703
308384.290784317
308475.46280073
308520.684481882
308579.310400807
308775.162473373
308875.226891534
309638.481796345
309914.143498522
309956.190824238
309999.548320953
310060.691258375
310151.08614649
310272.569655781
310358.572038249
310422.645267866
310742.197084121
310863.217312474
310887.387023833
311179.877710845
311293.107253956
311494.768569951
311896.043119799
313660.971590189
314108.787971689
314186.132221356
314190.495028434
314332.644249054
314346.507164241
314415.176014661
314558.471594249
314601.136186435
315159.273914578
315219.066167272
315234.77802323
315269.863875248
315332.952474522
315626.007280411
315813.579668193
317485.023929249
317498.037964665
317573.630639086
317743.093600116
319870.186094323
319871.315026634
320792.799930299
321062.596159534
322053.334569138
322650.385012926
322800.21130546
323565.844255496
323666.573058055
323721.805629559
323883.881653541
324132.357431857
324206.883009943
324244.13144948
324429.760703218
324463.65210208
324568.599216216
324606.341403707
324620.124961703
324746.329912623
324989.561200576
325049.643637787
325072.318911333
325345.168344677
325412.116357552
325868.101725189
326516.33517839
326572.366685859
326993.307265471
327542.828754669
328116.603050684
328302.989871702
328689.834429851
328751.328555112
329385.628269719
330178.856233576
330489.237789289
330541.866919049
330579.433824718
330610.628626694
330675.329391914
330761.559917039
330887.648987338
331052.115369123
331190.903403147
331345.205393872
331346.437729262
331580.280296689
331740.665110106
332044.361920895
332055.877519528
332534.177553414
332595.620384937
332761.032355492
332766.520406429
333141.969336817
333470.844504191
333483.504239785
333625.594311953
333810.769977197
334058.697652242
334357.009837446
334517.420445071
334526.341958521
334526.653105839
334536.968191335
334659.066987448
334686.451637586
334772.363567449
334796.072401933
334855.58945698
334951.523173687
335098.798967176
335261.594136608
335380.054576266
335516.632865731
335523.177865113
336030.999103982
336254.515232696
338466.087558707
339686.048943727
340584.967480493
340603.634927195
340792.384075228
340839.752997936
341677.323523196
343933.616636159
344430.366006822
344520.164547462
344593.790541465
344708.081748174
345112.163805665
345200.002639466
345607.653162465
345784.983803932
345809.422792946
345818.827751592
345885.093641899
346204.615319161
346348.842425815
346730.465938676
346819.843109052
346936.912503562
349322.725710819
350526.978612273
351488.566662917
351685.743165544
352075.868087262
352389.363702963
353372.005817219
353753.984551915
354264.482738546
355065.8007443
355296.205985707
355533.975486031
356486.532683711
356993.729616999
357363.856985409
357566.324160272
357876.180321486
358252.60106866
358359.955017729
358623.790728045
359598.42565971
360310.04877923
360540.305822314
361729.595498866
361933.136149884
361987.223679913
362055.60279141
362057.684169765
362058.313729964
362125.087433967
362164.883355172
362335.418845592
362465.808158375
362762.632631319
364413.185669907
364441.197489349
364867.025659491
365001.929271726
365166.906763085
365309.337538827
365874.221886047
366193.570203926
366402.144522322
366830.606764626
366882.377891031
367326.037161213
368155.809540739
368346.194818393
368952.727483689
370411.973414668
370898.634831431
371237.350910786
371253.976091169
371275.38770086
371933.739583393
372070.418283653
372587.344142054
373047.173188632
373080.02387911
373133.559811007
373141.776719495
373204.652491304
373214.649587098
373274.16056199
373460.526593345
373468.034386924
373490.98853628
373520.520450728
373530.508843622
373578.786434731
373686.053730835
373716.889870854
374063.912261109
374080.95186218
374087.193909497
374168.897080745
374304.132350904
374433.636034676
375174.192045554
375715.500591601
375758.437542156
376049.941676336
376172.653729731
376309.202005194
376453.409010648
377353.344871609
377817.56973915
378371.352389961
378387.749003967
378602.820854491
379047.360649341
379176.46511756
379230.812135678
379308.931940016
379414.865999862
379571.891193127
379617.81927334
379655.24278801
380084.220149099
381440.713705814
382200.321263776
382281.500007277
382332.081693948
382530.541811853
382549.389339877
382821.220853512
382988.208054859
383670.610357985
384149.455227189
384505.649727675
384957.051662373
385650.874862717
386098.685657857
386116.397681864
386145.32239925
386227.68498185
386339.643561377
386756.136804017
386769.196283541
387118.299001962
387212.584889126
387241.459307269
387647.407334097
387766.156020817
387854.345196713
387996.005705797
388433.803708281
388456.049051046
388701.499391947
388894.087513067
389060.011638283
389833.95637054
390463.593875652
390598.658327329
390926.700902889
391388.145863987
391924.031308542
392251.148619457
394988.338466515
396257.30599892
396367.232181531
397525.11440104
397889.884900221
397948.199646335
398000.532118251
398063.446990032
398160.106649422
398309.11558655
398457.283222887
399225.469921769
399318.702968553
399435.893677464
400071.307012813
400264.9911179
400464.703980497
400561.73820623
400642.184925895
400710.883395545
400718.991094863
401383.806275175
401532.613975472
402166.767791038
402225.151302151
402309.680936093
402309.987606596
402363.025856169
402446.485431381
402786.084314648
402853.219856064
402959.054959186
403023.955275743
403317.803188421
403802.753599881
403869.270614477
403939.507672131
404002.069531319
404100.829484782
404198.33239573
404248.628076033
404906.46481017
405703.599936548
405761.626895962
405908.401637394
405984.082762104
409653.0850016
410006.068672286
410285.337352571
411609.825967506
411959.921708783
412614.737497319
412746.874864635
412821.172770611
413383.086788597
413403.353110295
413768.940744878
413896.502987103
414066.87105686
414281.726585702
414511.80649086
415340.912308958
415354.25198349
415788.724968177
416328.275579011
416781.780563553
417240.410010199
418532.359030456
418751.188227751
419332.145746943
419456.626582768
420473.726349544
422412.102831676
424027.366052404
424083.19764077
425431.436289083
425873.987605444
426667.158901976
426871.548109448
427222.303884744
427253.159276395
428949.845006987
429082.746468502
429501.361715218
430515.913543018
430620.645163761
430688.12687522
430763.874257213
431163.909624326
431214.835015062
431454.834798909
431913.784864232
432276.485332434
432374.57475489
432467.446798129
432553.921359954
432979.504162445
433066.498070369
433256.49805661
433510.227049618
433555.483036947
433735.609529189
433754.148959234
433815.01676653
434147.276124397
434325.209074609
434531.544127934
434616.463157402
434859.101358199
435601.759367061
435643.933667098
435909.725980156
436391.398773113
436797.753643715
437126.94633392
437412.907725717
437459.5273569
437791.716961099
437803.807474668
437960.497488662
437979.387044743
438185.669219517
438236.767001445
438272.806118594
438471.852157567
438513.329919359
438545.486110012
438559.075519215
438773.91399826
439035.258825681
439413.824520429
439580.648016199
439898.496572939
440085.488420927
440141.10056969
440200.860369651
440451.005572992
440921.882909754
441809.41811868
441883.58799054
441888.386570627
441941.706390789
442019.53667098
442779.755458491
443011.578333014
443953.911052966
444234.171921843
444492.075255176
444889.581155114
444949.381094409
445518.45790466
445536.933317824
445550.044138554
446445.927138293
446554.078938361
446694.453478718
446817.278522488
446978.056803132
447498.52547064
447634.384169962
448030.302142629
448098.56622281
448385.899151803
448436.157309966
448783.354545164
448897.385086875
449147.653458014
449239.948335937
449241.8073885
450367.611785945
451010.85151482
451399.615098303
451648.170753362
452448.307512836
452679.430845078
452856.008187946
453607.13041061
453839.949320217
453853.306572103
454394.256253356
454766.267137611
454825.891871228
454901.225175529
456930.269406142
457186.396056718
457228.17395224
457490.992643027
459442.367108337
459556.631897072
459569.22480906
459638.887237844
459646.827520829
460001.177686168
460155.805237006
460405.697128317
460705.118353932
461052.811429234
462024.438035278
462149.477153431
463149.512102376
463177.023222924
464714.420962945
465317.805493893
465522.181118405
466925.836512507
466952.407209225
467418.949897159
467735.534623097
467870.944368011
468642.934001725
469037.188575232
469076.227535105
469153.465790443
469597.115811474
469774.976143341
469947.994000229
470482.258936396
470485.87595065
470530.0218629
471665.320658011
473496.429880515
473934.025757369
474476.953482621
474950.478105038
474957.994481395
475068.48942957
475337.206624629
475674.665490671
476273.386199565
476486.550824106
476496.872878845
476880.394465589
476913.732294768
477078.968399404
477192.689841003
477577.006066393
477581.508553496
477652.301712519
477712.683437318
477768.829838408
477870.586826933
477988.2225909
478106.771314881
478381.255200422
478462.707661635
478643.638985072
478704.522626157
478836.383248624
479008.414923647
479028.133042151
479090.670293369
479734.463557666
479781.466532974
480227.527889105
480269.620208998
481355.452813338
481392.346504047
481564.04433071
482462.598812167
482515.236550258
482571.989703973
482728.760815336
482979.43284004
483625.414111719
484500.082845561
484556.57473384
484743.79728137
485097.441363133
486018.704704027
486046.410672013
487379.612182947
487527.786805393
488105.398016778
488169.829007619
488191.035218894
488304.011109076
488309.384964654
488340.263221552
488520.124415052
488535.220307357
488642.371745056
488645.600573348
488902.618954082
489161.00195425
489190.33278138
489384.887635575
489468.691556981
489469.812155649
489832.023482156
490141.232115362
491119.339427061
491269.595736662
491619.801890179
492112.019580354
492387.763265278
492564.896993234
493202.565345461
493387.596434142
493736.094353546
493774.101728697
495111.492236321
495329.438964922
495509.920687154
495556.727931501
495608.955428448
496017.462586479
496030.530478783
496342.69204713
496520.010814763
496715.426006287
496724.890827615
497458.487033399
497608.551263131
497941.587909455
498137.384365643
498310.810305937
498326.531129204
498751.983774299
498964.459078898
499413.684195783
500571.226279358
500730.235789566
500775.379349052
501328.030425595
501421.735936271
501457.974714442
502690.268928673
502938.212843711
503091.936417834
503135.798122802
503224.893666049
503230.052531904
503266.480100875
503308.291266876
503426.065636767
503451.432198844
503470.099116461
503571.562279979
503621.092653026
503621.505394468
503633.552912115
503697.064003858
504435.54749882
504667.232895685
505479.96372563
505509.049706004
505567.445532306
506732.818590667
507090.685526744
508196.151886734
508370.159338102
508960.40497396
510289.623906394
510417.131074927
510492.336613933
510627.402870535
510756.996498884
511308.086688382
511442.769171956
511549.294233273
511571.471813862
511626.694697146
511792.466704513
511851.933229067
511971.128260144
512106.835125415
512178.033637557
512215.21678222
512307.942995328
512385.696133454
512553.09978962
512574.626565907
512924.594080327
512976.942392462
513770.057339408
514391.959107731
514609.530081975
515119.345978766
515420.03487615
515490.249122915
517412.479578719
