2709.62318332849
6599.31513077309
9533.46129570021
13653.9009198408
13957.1457109449
14035.0054433833
14508.3801236081
15617.8090577625
27644.9575130109
28489.7094927381
28683.8277501105
29463.830021417
32869.3756338079
37312.8022957368
43637.1166998707
43752.0818278233
44138.0971847417
47477.0679918366
51497.743083013
52616.2879105167
57524.2858370511
57729.3221496745
57835.2301520301
59094.959444995
71958.3160518279
72161.6399107942
72369.5339469913
73720.2537566263
74172.788608138
74510.6715732723
74585.8012517961
82053.2056511988
84926.155162085
84963.5423766964
85161.33050991
85959.9074083721
88336.5420509742
88413.9203462619
88421.4070687849
88480.0625854989
88517.3877099579
88542.4717537082
88842.2685621442
88917.0433047874
88992.175862547
89106.4747056602
89639.8373851479
89956.3686135923
90008.3159674729
92395.6568418678
92405.2552915207
92426.1911838367
93008.3018120975
93129.4617319431
93306.6289972284
102833.601089554
103754.753183782
115276.426880447
115607.385013605
117794.946364023
117915.857792297
123451.050712594
123933.481453301
125162.49334514
127105.916642276
127568.108904962
127621.128642867
127928.99072631
128975.206405798
130123.11883098
130127.822384329
133051.613407281
136867.236933498
137583.831298414
140082.668114994
144540.388676154
146967.462719657
147629.582413273
148009.139881997
148171.835578226
152166.461524394
155598.763003524
157118.220165626
157169.155393742
157333.500765271
157814.221405258
158053.33104003
160546.140001844
164493.633666541
165537.821226709
166604.332827279
168315.382373582
170027.465132514
171708.047633509
173589.799440255
175698.741743899
178579.059102791
178858.656900394
179220.259480865
179371.114979956
179590.220685771
180399.267534493
182093.011486748
182885.548828663
190556.411902659
192555.8305494
197722.711446503
200194.953795956
203476.910087003
203659.376370158
205844.763292851
207439.749369896
207445.564590994
207447.865156072
207467.180577084
207621.489714191
207672.625270553
207702.294166148
207705.660437307
207913.288335709
207914.852358462
207963.171257073
208116.330639992
208125.341389933
208412.22494287
208417.027325245
208482.891220237
208619.910569549
208696.387071408
208718.758644879
208747.949264453
211222.215643315
219004.984537528
219286.555245383
219530.481998635
220297.316438516
227627.4226404
227665.15130839
228369.817212039
228529.942036542
231156.644231592
233240.875933621
240575.66354713
243311.216982335
245219.706905285
245502.359285632
247170.668968918
247626.672741467
248070.534461181
248977.705336876
248985.644615797
250564.445138084
254438.619285781
254524.542630894
263907.799836731
270273.31831735
272661.867260762
273368.934386864
273557.062507409
274943.616514264
275366.229216729
276616.032794604
280378.178223647
283404.954542782
283664.290632655
285549.132102955
286096.871631166
286272.275847828
286399.040204454
288033.376487055
288990.284329781
290383.275519177
292983.569027981
293169.666876928
293202.694059671
297780.63131967
299655.470042081
305308.321512459
305603.582882884
306045.156691767
307655.402595423
308031.240278171
313766.220154261
314148.498754465
314633.341427264
314839.706304605
315105.111626563
315342.854467461
319888.800259765
320079.85025364
320177.544263164
320429.135315511
320465.08409125
321115.930807454
323108.31317306
323631.977993333
330126.415865992
333820.32881891
336041.405738158
349283.532588972
350422.014461589
350741.071901839
353450.822678553
356388.672628299
356570.995879931
356894.047333753
357010.935241752
362097.100900302
364993.861938549
365698.695807204
366936.333003257
368779.072339516
370488.094531417
370574.361805197
372131.930107216
372464.458916597
377300.940361649
377804.088274292
378004.007770736
379078.228915369
382100.097943281
385559.160665822
385956.308581061
386190.69622893
386247.364519299
386514.009924316
386579.344356839
386638.463630476
386693.213439414
386753.924347384
386989.335953655
387015.884143237
387045.75517208
387059.265373862
387076.628136928
387129.878619672
387254.345182485
387263.471093895
387295.242692227
391694.970037075
391750.352410101
392580.760896706
392612.975992265
392720.870949454
392758.409258887
392890.187409606
392947.214047417
393527.061494473
395626.491936984
395667.344131904
396244.219323883
399080.521967543
403721.438938349
404354.634821504
414364.870451037
416363.717126487
416568.791602133
416660.54630701
417139.356934105
417285.989001112
419217.633677301
421488.870157179
422112.004742457
422574.863505211
431274.266532563
431480.07116702
431706.644671452
432365.332740751
435705.865693229
441131.791877896
442337.622151661
443718.170112805
444003.230228906
445985.374909703
449359.090932752
449719.49856704
450482.938981369
451413.907188964
453058.125278142
453404.184667179
459635.334559008
460695.967804741
461158.59989434
461495.047071545
461813.854565928
462050.203433464
462432.531958074
462546.544456913
462730.440647284
482394.001190583
483276.158958439
485003.376705593
485242.204884927
489203.988566712
493075.379183206
494948.606815472
495650.153828002
498857.17101742
498927.160039979
502567.974317758
502681.768014583
502756.515361002
502810.03897307
503024.854396634
503362.446622497
503388.329632093
512346.986763766
517181.879556407
