2272.60905344122
2656.92926669254
3277.17058723872
5466.19379341999
6187.80535331547
7053.50161091449
9050.70046563075
9747.33694108665
11727.4211546317
11847.9035218791
13960.7155354028
14644.0120447416
15253.7474314419
18072.0677852374
19066.6396984626
26950.8544507781
27852.4142530874
28821.4571352695
29979.6868710732
31782.3266773743
32400.3141811099
32625.4443696329
32862.0588571614
33312.0445598989
38325.7568125148
38891.3546676347
39322.268810883
39341.3553674443
40222.9441867496
40870.0072235058
41050.6544114263
42052.7634576986
43500.8666626306
43768.2550243343
44387.6700540137
44776.7398785852
46530.0997327935
48409.1544337164
48840.4455208943
49134.7067750886
49667.4854003975
50856.7600226625
55302.2756390936
55494.0976413014
56431.3430309771
58586.3720746397
63689.6949376993
63869.7450749099
64115.5635006419
64700.5598874981
68649.6100615642
69780.8112744802
69990.6971116569
70023.2612744646
70706.6777803656
72299.2214734404
72392.083676298
73226.0892165594
73653.7297640425
75389.9276953244
76106.5810787914
76897.6137435521
77231.7095050207
77294.7231607867
78252.0469105701
79713.9947871916
80505.7988847997
82623.1021798768
82626.8962238191
83082.2735301225
83164.4844131942
83312.1222881399
83805.3043079442
84093.0725994857
84218.7482628867
84969.9668968704
86154.4986573686
87487.8199578756
91200.979008351
91235.0323099939
91304.1837109456
93094.8373460154
95611.0825855612
96126.6558443847
96582.6908072581
96652.3937893171
97180.3717991418
97487.8637949691
100108.882444324
101185.765822348
101216.98405863
109016.591381695
114859.531959789
115245.369068343
115420.987721606
115550.729122494
115587.652393054
115976.491123461
116753.981573992
116889.859417041
118191.977795502
118612.550352465
120042.071165548
120666.490611287
121705.451193388
126056.917441458
129129.287919877
137071.266475136
137676.709812587
138668.792193036
138966.694592815
140782.323463042
141345.615660856
141478.528509306
141686.882386422
141984.319754848
142833.534255486
143032.940017929
144020.020634768
144109.835346899
144551.236128998
145620.763177835
145935.048644908
148816.734528954
149647.136118625
149793.655703715
150796.115535193
152518.086520785
152873.775557119
155541.430982332
157012.950095209
158806.150069433
158912.289131101
159964.256093499
161115.069383725
161812.052690192
161876.729582617
162058.427040592
163699.150471837
164060.244716137
165493.602040197
166697.818064836
168352.136497783
173205.281805229
174556.025306889
175193.646941711
175262.291608152
175835.686086917
175841.208455938
176764.252326029
178636.754089958
181969.768031811
182217.860357811
182357.544711808
182482.899883168
182579.438447083
185229.627476136
193578.537973635
194187.591531558
197248.291303203
197733.394262842
202075.727056675
204115.321618992
204423.886927748
204428.174136061
205938.093454883
206691.081120961
206817.126966157
206824.671803214
206891.764926639
207005.777198651
207175.92643566
207177.929613206
207888.016110337
208636.169220373
209039.805669048
209791.351157862
210231.047996921
211230.173063343
213568.074521515
214415.769724326
214421.663362457
215100.233957399
217351.241306033
218189.33184684
218538.978341614
222193.524636485
222962.673643889
223559.81769471
225671.551993178
232776.245056966
233233.911570629
239216.878143225
239353.51805612
239364.511431475
239984.782642145
240326.88190868
240525.473764164
240775.609943229
242128.57546273
243316.685490745
243754.294598275
244155.778566146
244158.135056254
245937.609402157
248520.109122149
251910.764078981
252069.262785126
252402.523442008
253587.036767007
254241.043474598
254355.393306077
254669.742842354
254813.737792372
256305.305768455
258648.814707737
260597.764877213
260861.936551566
264993.896163714
265175.840191199
265450.118410748
266432.285259924
266445.015836182
266610.667607799
266660.023080096
268192.68891376
268788.459198858
268903.037356017
270784.530955567
271176.983302405
271823.076952273
271971.652057865
272211.652022323
272485.960318444
272666.983435262
272682.405273516
273095.447594313
273181.214569629
275040.244802238
275325.893126882
275362.297125024
275916.788963567
278731.875585132
280168.946166927
281785.541358807
282227.33381089
282599.479346226
285219.3883842
286084.453541359
289261.790370204
292969.746139108
293087.909175029
298967.676488066
300782.837377323
301299.133194604
301707.773495099
303767.614926026
307604.459379127
307849.638483448
309135.454432934
313042.504475656
314040.310818587
314287.10633678
315154.113671327
317342.496581135
317600.37334122
326371.616641064
326488.133051432
326928.405668142
326947.379501922
327462.452512603
328226.907900608
328309.412318297
329149.840151647
332157.816555878
332524.944268506
332531.944529301
334414.14232672
336144.984733714
337541.000701395
339618.461593743
342744.135721021
342817.789563375
342989.443196981
343551.970187427
344063.445041458
344832.549509615
345156.370983554
345853.001194827
347854.588390289
348098.501827616
348869.686064089
349607.203950708
352370.293051683
352746.918104078
353091.009535113
354687.693787337
356079.883719032
356297.118884427
356671.487826278
356801.212026278
358067.134175205
361208.440590538
361484.434531205
362036.491617144
362398.410041465
366015.506959143
366640.048680815
366807.463644244
366990.050659167
368346.819359347
372804.262999246
372942.815430866
373948.05535083
375085.218292311
377274.752866101
377644.358069233
379573.35169704
380369.416635161
381233.186352761
382481.49646544
382994.408256428
383215.522725626
383953.593747348
384059.774214582
384222.372703808
384778.673874429
386877.60599501
387742.427838118
387951.963065753
389083.44367019
390036.572405697
392887.375467672
395590.609346105
395782.114586313
400350.255356492
400706.472511516
401644.983383505
403019.062246407
404653.508144038
404974.533777711
405188.492725319
405461.37627366
405507.25666455
406668.587294048
408058.748515508
408493.259596899
409700.087430296
412700.69015478
413669.538155754
414576.542250456
416634.315485795
416653.004169017
417425.206958911
417620.697296232
418144.639638391
420639.475317259
421263.959288955
423512.917798792
424644.024985523
424952.183783478
427571.288283515
428150.126315909
428511.649704399
428983.357512062
429099.836536663
429515.033763078
431728.735895288
434368.358033003
437197.074340302
439862.053148914
440714.662815111
442812.811675004
443681.93544032
446259.35783305
446609.244527858
450890.427731919
451907.632272256
457395.455446639
460188.048391399
460277.553691323
461209.875762804
462240.72969334
462399.574473714
463895.413486316
465418.024146105
465452.440881009
467938.639652212
469458.296113486
470373.370778293
472086.8092299
473597.287250801
473952.244289233
474455.95314921
475205.732353073
479408.060412686
482268.127210133
483514.710428756
483737.527678369
487192.495343382
488447.37582881
490908.597530827
491699.267297791
492447.597700308
495290.849864095
495445.136332784
498490.290185645
498925.083327242
499449.573651433
501047.428834294
505370.743062447
510842.359081802
511185.421896868
512082.13346023
515721.228159764
515759.539019759
516404.067632773
