4995.56673410346
5414.16985574704
5839.40158351893
6268.12861569287
11167.5659412709
11509.1110236277
16463.7922873429
22156.0492062197
24505.3001619456
24796.240240469
25038.3222049074
31706.2039283963
31738.3923932614
31791.0753814299
31849.5303210475
31868.8849131768
31870.1835229919
31885.8778204619
31923.9564845618
31990.0930686205
32007.2662677407
32029.1929667874
32032.5004044696
32092.1619140939
32097.2044508361
32122.7190115531
32162.3900608014
32192.3138444179
32194.0229221737
32297.1933950291
32305.5996386704
32316.7116323221
32326.7841663125
32331.1117864994
32339.0447260159
32339.2293403411
32357.4910009928
32387.9316226874
32396.282428697
32425.5755658172
32432.1696690763
32500.3990879303
32504.8911180332
32533.4605852726
32552.3893143955
32555.9873410815
32623.7753064205
32630.2027749592
32630.7970960986
32636.7529127646
32697.5092783271
32837.6481181823
32859.1636845939
32871.5798933906
32878.9087742926
32989.429572854
33003.8526540126
33012.3847325421
33069.7386162952
33103.2285935458
33108.3710531985
35443.2782992614
35670.5197938101
37186.651396699
39255.8159788651
39290.078478221
40396.385748465
40749.9865390549
40764.0306940541
40795.4365450981
41176.9392592575
41184.889035977
41506.7505852661
42448.872405134
42709.339216846
43060.8274643567
45030.7883600147
46274.4670570143
49963.898842939
54216.6160944747
54488.2125128475
55912.799786623
56172.2601825162
57779.4710036128
57976.7180368152
58062.8215440139
58075.2751994505
58082.5956418491
58784.6666251012
58828.3110258511
59648.7807834572
60477.2385533609
62260.2635124304
62431.8879829073
62581.9247452333
63077.6519853193
63245.4025685016
67271.5676175007
67473.1783298129
68618.0513222758
69772.0627837053
71451.7175651297
71689.9449054167
71955.0490199223
73039.6313212618
73658.6070869884
74913.6164151845
75009.3385287176
75474.2207223397
75485.4311089936
75642.5186402584
75658.8256957222
76053.3615952654
76166.1209776157
76177.4259662741
76214.3450448735
77218.9116596011
78149.1309180453
79267.564032304
79839.2282244664
80807.8968311733
82037.6674589948
83386.2063750519
88988.1095063185
90236.3945982547
90295.1321944697
90681.7252115698
91541.2629045489
92864.6717636041
92871.6288622411
97209.0039908843
99976.7332446888
100897.931279459
102287.796807315
103478.632695268
105253.893370371
109289.224772797
109932.303091001
110155.324888803
114106.721376367
114987.414460988
115062.175642648
115807.67984353
115842.273810461
116769.2248646
117401.190528426
117720.181818717
117803.731974747
118608.792137586
119130.517993126
119148.966640081
120475.654373646
120750.198850708
124061.434338772
124080.03369025
124748.847823188
125421.999450751
126427.009382235
129959.14510205
130475.625136639
130984.467170679
131187.76154687
131913.530467933
133060.500231286
134657.828249938
137919.831888358
139858.590304534
140116.360890132
140343.977510318
142641.062174436
142974.760147032
143060.786414559
143458.824551035
143460.029305593
143622.889693005
143677.817099705
143916.278599247
143964.750267117
147264.470281302
148401.974157775
148848.953142953
150250.199236462
150923.974552673
151495.503090788
151790.595895775
152871.255462543
153304.149439252
153516.540618545
153770.36833591
153834.422715335
153879.486446195
155574.45374028
155947.773310024
156348.245677042
157016.984795396
158785.577890613
159353.190645732
159462.330354518
163378.214742872
163485.942995357
163929.381847271
164917.69763767
165534.296074339
167725.23030581
170693.217342119
177128.850581508
177545.958406756
178046.702643961
178079.215031938
183232.473783424
183325.08644049
184263.052416165
189034.605189767
192665.332520753
194882.66661519
195044.17872651
195629.730731632
195971.118451857
197838.245870132
197946.923803289
198083.067583107
198611.308841271
200300.057292725
204748.849243873
205207.694144052
205285.903238277
209547.561226291
209834.20964129
212891.494126119
213284.375346216
213697.024467856
213795.412142888
214032.886475449
214234.291838871
220300.45600172
222556.835451857
226558.870666163
226639.678299158
226809.448350503
226913.785997758
227105.36637304
227631.81987617
228098.747531944
228878.09736755
232949.366586458
233215.546638924
234174.770709342
234407.831918957
238700.912397391
238724.570203668
238870.973115685
238955.639876034
238992.851842269
239956.554914058
243237.987811955
245600.418213024
246204.003136225
246584.629641781
249552.820735291
252434.11757341
252442.389761889
253927.085545803
253946.104385595
254276.79544167
254287.033728903
254970.177782916
255353.73013677
256922.94421802
257227.877797377
257523.444097606
257574.390571404
257837.725238878
260676.442782763
261391.388614276
261770.392868883
261997.052746305
262455.132267997
262819.744566634
266417.331632561
266439.69402733
268820.083841675
271026.163062342
271347.453904471
272023.077812547
278019.646955867
278109.707327338
278114.704476863
278169.817407543
278202.584461208
278258.743861358
278442.130045044
278718.983139311
279016.412971437
279028.033536323
279043.040932325
279133.17920932
279481.146769776
279522.425365438
279619.299367762
280009.481595403
280127.39243989
280334.092430173
280557.432489392
285316.732420156
285697.933379487
287405.943026718
288753.636435653
289076.205765985
289457.679014075
289751.61444082
293589.117942168
293918.298771079
296757.679767483
298538.814211639
299173.250251814
299343.6306803
301236.576344138
301311.785927213
301381.67678692
301660.690273952
301946.800346093
302037.418849185
302190.113214607
302250.557338326
303808.008776023
304215.82650141
304389.897110173
306322.596549888
306552.378152184
308799.056279006
309321.944179854
309499.968089585
309686.537977874
309792.694594309
309834.140273925
309970.476955342
309976.256681289
309979.929914638
310083.000868627
310237.443796818
310518.519557616
310538.723752628
310737.116690056
310915.351178494
311020.687582625
315613.411334008
316113.984228515
317780.124138496
319663.760087709
319681.352130118
319888.080308033
322912.175555251
325639.106486103
325908.376714397
326085.938071707
326273.105997898
326318.847454356
330817.125819008
333746.336314249
335952.344337742
339842.916548649
340804.132814583
341185.300066518
347042.623500117
347848.922197053
348302.232419426
350363.840101739
350409.563855048
350721.270509592
350861.060846622
351064.378155935
351337.955204639
351746.165569279
355870.990668407
355932.146960584
356193.871134911
356379.606113095
356914.435673438
359449.002318875
363087.310949806
367277.789245353
369333.659051553
371565.356352872
371760.281763183
371923.238507415
372615.361456153
377085.985060915
377423.502383245
378822.009370843
379328.414463748
379647.426091711
381830.789819946
382972.429043407
383406.12019492
384062.580515741
390417.606591096
390947.767598439
391193.788494344
391290.532005134
392147.988124617
392883.097155092
394574.832114082
394788.714159019
395019.442630593
395129.155376541
395441.98069888
397440.390982136
405043.981080352
405582.652892999
408659.180645861
410459.637787546
410553.092948885
410597.727663324
410891.593971831
410918.862920416
411331.151543632
411583.95905129
411619.460489963
411724.406171942
411821.532519151
414595.346228198
415672.638078675
420029.527295817
420772.106901054
422351.786089219
428582.549659478
428741.417126907
428892.561382527
430560.3824675
430885.646324574
430903.162110967
430993.296445117
431016.750141861
431391.133503816
431884.43122087
432258.114856323
436515.569336014
436614.632394825
437013.248661673
437733.416684077
437753.518961031
438021.109851941
438326.058816571
438464.600850606
438750.850729654
438787.974305526
439320.601985621
441248.935433853
441679.442505798
443540.837008529
444022.266555345
444442.457609133
444530.488909585
444595.206932922
444636.773555666
444893.569143801
445085.075318573
445096.700398846
445156.783638005
445236.302519018
445552.610787638
445659.180231626
445743.851342084
446759.94992225
446796.931203787
446920.170412603
447239.795444507
447650.78353829
447798.226446335
450042.326258958
450755.080095723
451008.593519636
451656.270110146
452149.252473499
453519.833331903
454622.291415769
454698.261878063
455088.413741347
455118.774555167
455351.457897571
455356.341675014
455447.191877202
456085.890898187
456873.534750729
457234.223803806
457805.986558255
457873.589490547
459214.757348063
462492.711169627
462499.059974858
462726.428123868
462729.954494959
462927.632588844
462997.447806703
463101.309171003
463621.032819475
463947.935781863
464249.40925036
464576.802766576
464899.747766952
467453.081310227
469443.458040862
470929.659487016
471038.617364517
471235.493735082
471754.960717551
477530.251989663
478198.988719877
478214.629278984
478297.780230284
478521.409043231
478910.789327357
478936.638618922
479074.827026842
479308.2731844
479379.20396327
479400.428031855
479809.023307931
480033.779766315
481475.45929408
486010.327400572
487160.180951303
487166.897892488
487695.259692801
488647.815649015
491604.720971187
494109.575075573
495177.79530371
496871.506062714
497075.253325381
497741.522825166
497930.085477532
497952.772423957
499928.538108509
500555.926149389
500693.649665567
500705.479150711
506968.557269947
506997.738829497
508003.409909129
512099.485472054
512278.720788995
512992.869481729
513201.763909024
513544.156613225
515906.528399288
517425.332478779
517707.947490587
