276.692664753352
339.621929700712
442.274899846227
461.023035657033
464.815994629724
610.793295764594
641.200782846011
938.399764409039
1043.66342206764
1246.68908178822
1273.74253701976
1293.72913483101
1410.71899980582
1431.78488341161
1559.04336688758
1776.94766974667
1843.05656916103
4470.01120922903
4637.42228638182
4669.97019598444
4899.03956754273
4972.61149053541
5024.17127422913
5295.24238422964
5407.14926231758
5608.63354672603
5681.08601194347
5953.64695070163
6184.1908293857
6337.58468240403
7106.54485215772
8011.97709914697
8251.77681452565
8955.21410980953
8998.32450272862
9188.8238774153
9986.55221605242
10534.5078988725
10624.5603436629
11550.3296463285
12965.2045167853
13290.7407094736
15036.0584524169
20400.9806756526
20563.8485906605
20619.0866827186
20998.7472216477
21154.2300133954
21487.7323358402
24555.7242982356
25064.7711040134
25986.3937749763
26637.4341105334
26942.4163611808
27183.6719863488
29520.4378298904
30449.3797986732
33482.2862217068
33541.4055400386
33862.2969771779
33889.1972548358
34364.2787786521
36017.9965279368
36442.2696032615
37308.3253677842
38296.4730440829
38436.2311078567
41664.8179466227
42443.637927533
43262.300125401
43273.7347397978
43432.8331696814
43521.0431954882
43917.7382367721
44054.7445205527
44148.0453221158
44203.0037182449
44415.8902058988
44461.6852571461
44526.6985817112
44594.6054740836
44618.5570178474
46324.1890080281
47737.0423961091
47760.5880008278
47772.3019851511
48128.6809499572
48441.7044206581
48581.5247473017
48701.2491579777
49042.1049205555
49246.2867822648
49248.874722556
49376.6383303766
49478.9701667296
49670.3088710966
50127.0240981625
51386.1372041799
51884.9830195896
53581.9244438245
53826.5521984643
54041.1578376127
54357.0716895864
54440.9777955161
54631.9717968098
54667.2003932479
54929.2076429489
55034.4904923116
55772.770044848
56854.8970063066
59444.711797297
59567.3401704092
60446.3209642944
60845.2541948254
62100.2524421793
62494.2888481869
62702.3620339094
63767.9360775558
64068.2639149862
64526.819037867
64673.4437547161
64728.6470680494
65297.7443459953
69171.261802819
69215.9743662691
69327.42528876
69994.3356196229
70125.9214466509
70221.0506737585
70260.3329975556
70411.38764244
70476.9111444724
72206.2402468214
72359.5903897682
72399.3978045228
72521.1637356841
72522.2059650722
72836.6236409604
73014.1952999465
73303.3419812853
73355.7464726031
73367.8371455075
73409.2312918391
73803.6746905397
74719.4387564608
75141.184735167
75777.700124576
75805.8184239723
76005.1129562169
76016.6171424234
76774.1339588026
79061.6173330106
79469.5199465387
79750.8916621855
79842.4158085729
79978.8718654512
80073.0275534094
80152.4247947229
80408.8548206571
80587.8181236058
82179.1270677244
82649.2223976388
82905.9476411952
83068.2024100314
83085.4801740645
83412.1075755701
83795.8832318629
83833.6020359819
84186.2234724462
84712.2339568023
85251.6860769241
85305.2806522203
86025.1635670664
88048.0947507146
88109.751700293
88337.9191283645
88393.3694095042
88408.6196424982
88494.1744929297
88517.8018360104
88519.2898149833
88586.8742190599
88746.3124310328
88758.1987711528
88794.390528075
89071.4410714056
89193.8861461168
89418.0360660379
89499.1794838233
89865.7386784427
89893.8820772473
89920.2644383059
90002.6774293383
90044.8063599576
90082.3615140154
90265.516847445
90311.0208428875
90338.6244967979
90339.7117196753
90713.0725195463
90880.8022245616
91271.653300437
91531.1386294193
93781.7315894056
93894.3729438719
93915.9036203008
94109.2216200356
94178.6007108564
94312.0124300964
94464.1458764254
94515.7278871299
94767.0917955904
94788.2404464628
95645.2698229258
96046.8125603492
96518.1770918845
97196.7466561897
97284.4413873182
97313.1641804091
99369.9158537817
99374.7600889585
99431.0300951877
99496.6464862047
99508.7494178071
99525.0630333433
99537.0058500577
99539.155524341
99546.9374305443
99617.9230058278
99651.7102977207
99654.219336442
99701.5537885227
99770.8415623258
99843.5299215274
99858.4414093415
99921.314751453
99951.3859882312
99986.9077818391
100086.013195528
100110.551522491
100110.839188871
100117.167053267
100120.331200422
100158.197407182
100169.719599295
100185.011569834
100223.123831939
100246.491377498
100264.100662594
100273.044326828
100284.682319207
100285.318428174
100299.321486045
100300.733555313
100336.832541982
100432.367464055
100471.287263514
100497.037263722
100508.448642214
100572.189987042
100644.421241507
100686.531736428
100702.395618897
100767.688391305
100781.286940186
100790.922052566
101709.125396924
101989.610515724
102034.355288974
102763.064436422
103124.556831039
104111.252814993
106365.621032952
106389.826013414
108630.918418165
109485.605912632
109678.690829626
110095.070904954
110168.27959606
110397.387289675
110566.648242337
110696.532804191
110748.826954635
110844.524625704
113003.836000543
113322.560504137
113561.094531034
113680.48357985
113944.845354766
114083.310968048
114495.077503094
114496.650280949
114582.759363971
116344.134472614
116595.291876706
116981.343130711
117620.813053828
117771.862421949
117838.775546538
117998.230461509
119246.913328232
119838.842971963
119940.914098291
122479.25985253
122523.519949999
122660.280668724
122711.704295948
122744.235069476
122753.455277967
122910.559345153
122930.916920192
122949.199207381
122951.231873936
123023.330768323
123026.341075044
123026.667939069
123094.9498718
123179.463342631
123280.135160897
123377.358363661
123381.882969183
123580.43217377
123646.337047902
123666.136931286
123735.949199791
126391.638673578
126944.857489778
127398.831883539
127715.77052858
128033.343725578
128178.759375557
131155.288818102
131271.435327422
131350.242325497
131414.506426901
131541.624357635
131575.83533307
131743.218847808
131888.212818128
131985.324266851
132143.865778555
132480.293538813
132536.607575361
132678.803881932
133142.518496413
133187.95837771
133476.728805998
133967.205895507
134146.77042203
134149.744508491
134169.895301361
134214.999372092
134328.119425913
134397.092885373
134464.048615625
134490.819422355
134603.542188197
134738.513201773
134753.636791231
134760.054841023
134829.93105247
134892.885379807
134914.800221545
134921.087353221
134965.600086975
135022.290910824
135050.907187038
135239.101258276
135283.271651675
135408.314218733
136956.2873521
137073.570347032
137687.168291009
137910.061886176
138045.690099253
139864.450504912
139873.786704476
140051.179893353
140445.069542533
140568.665531088
140622.492667184
140815.418897074
140924.154040649
141025.220752918
141282.139219282
142065.020672437
142374.568056004
142397.184036695
143795.822768804
144012.951904191
144133.969941188
144232.776278915
144252.193301155
144474.523531571
144639.43260997
144755.347914367
145004.4373905
145310.242694341
145949.109473821
146374.139782996
146450.759955092
146763.085576165
147367.428057657
148461.784032511
148849.598270609
149043.725072567
149295.846519191
149506.833430506
149898.313132658
151318.378207929
151372.696632646
151417.812230878
151420.870871819
151422.260657715
151454.100672296
151465.992264535
151493.814726897
151593.165121606
151679.81625347
151694.636922843
151753.801216702
151795.112556343
151839.483192445
151857.954973704
151906.333784293
152291.71292081
152332.340530918
152334.896551002
152466.239413892
152607.34760962
152795.864058712
153231.688397453
153644.576957712
155319.389953741
155685.868380729
155718.970975291
155749.742037538
155756.046604303
155771.676334274
155799.914057102
155924.684749154
155968.528673499
156004.090476497
156045.392829879
156470.06359119
157059.615505522
157091.262133038
157684.95009189
157954.638614782
158346.386259671
159879.065059967
160142.68680792
160526.42522327
160979.589589332
161028.992445169
161103.143298104
161200.968649611
161526.07579841
161783.113496532
162656.722037334
163029.256298008
163133.717338925
163283.868097685
163575.762068698
164113.847024567
164161.362663067
164356.481551692
164850.8804571
164873.152110531
165632.75566918
166631.340187915
166976.637057938
167171.368879493
167487.099827375
167586.471559635
167822.408673709
168230.279345397
169975.880081702
170089.383868797
170174.231255023
171402.580940461
171407.500901189
171503.794005832
171557.002578015
171775.225163389
171781.039219294
171874.110677253
171933.61599096
172041.269067311
172177.628723015
172315.859011092
172389.118558789
172412.186767088
172484.232066519
172541.74693682
172608.731550385
172757.696355412
172856.843568712
172964.532777138
173036.972677543
173203.092856822
173259.054447256
173381.46122671
173447.438409431
173462.869076603
173583.373893099
173798.361774345
173830.884932798
173933.305832676
174015.54714626
174058.718028391
174075.661378761
174139.747330047
174157.344331789
174231.147274006
176055.262638243
179941.066854977
180042.500630972
180071.537308085
180139.579553064
180166.275650309
180363.999333925
180496.794541572
180608.414955138
181304.267123728
181932.679412675
182208.588961707
182350.592643756
182370.035613104
182569.193630534
182823.754374903
182884.591993038
182892.938256605
182912.056646076
182964.100698886
182983.479831245
183026.762957656
183080.716657529
183112.497779257
183124.102498689
183135.232118907
183186.669845548
183188.867923673
183281.933452734
183289.276806793
183305.942609568
183315.65782144
183318.627503283
183322.500624109
183324.173661915
183403.504729343
183415.783760638
183459.229987298
183498.754298666
183499.697825579
183508.680719266
183512.748981805
183545.176323587
183546.49624207
183562.106438757
183574.078376529
183633.101431118
183639.436257948
183673.23886428
183729.098442585
183751.92603978
183752.982634449
183764.237583393
183767.82621771
183779.04193842
183789.762843638
183800.662873246
183807.844357749
183845.600984203
183917.971370473
183945.829489616
183949.717699876
183955.020515201
184029.723692841
184055.056889491
184060.438132928
184065.011950873
184134.268850418
184139.944361159
184195.582853341
184221.483730663
184266.433480706
184278.579764606
185889.371313083
189395.181789972
192546.484958045
193026.221355557
193302.057087555
193815.351474402
194019.250954175
194125.329584705
194346.851759829
194347.138513949
194350.56573773
194396.47077922
194718.238096121
194831.939804497
194845.245413563
195048.741651553
195072.490691881
195152.803533073
195252.591187051
195429.116228134
195581.753164983
195760.140999673
195931.420364975
196632.218283387
197046.895990281
197087.04057729
197236.279200086
199541.513028883
200969.948895768
203451.567414629
203496.39732518
203530.801390754
203839.404800207
204384.433164678
207890.270102126
208089.207232508
208827.258140187
208853.905928834
208884.955932989
208946.228864938
208959.810939664
209096.614482945
209111.857912415
209143.843447347
209153.220034856
209171.544207146
209279.390214377
209293.920678715
209357.550776576
209418.587486275
209423.062399134
209446.412484405
209471.534573376
209516.32354525
209559.075249399
209616.997959646
209632.591118556
209667.475065115
209690.367266782
209711.072693798
209766.206914063
209770.584305629
209825.919919643
210073.321313457
210087.4831382
210124.310645659
210150.378666899
210151.899385352
210164.085501868
210215.042310095
210636.267758313
211838.184270125
212644.304678238
214587.52002487
214667.839087488
214738.015199149
214760.888897874
214825.489498908
214841.57703829
214846.984094155
214940.95484677
215011.14144934
215017.757508832
215045.652143981
215082.926968323
215135.826907481
215137.754521002
215192.925829711
215223.323972416
215234.512344368
215255.892724027
215341.675070614
215380.872147337
215463.557815461
215589.238439106
215593.601531261
215647.752221963
215687.216368367
215721.556349394
215784.427786314
215908.399439841
215939.811804176
215998.726872957
216067.554193504
216624.307853966
216647.855532594
216828.489916436
218888.021233089
223103.410150761
223219.132547947
223277.256118027
223339.541795689
223354.553666752
223381.118948497
223453.733969338
223468.630328869
223483.087058426
223512.817704933
223808.347315115
223821.181806919
223835.475166409
223835.887600156
223879.12877943
223902.712285081
223986.089152631
224107.783883742
224118.986066466
224119.712394591
224128.324260986
224137.478277566
224256.003813859
224311.960637346
224382.282215069
224451.23620565
224609.657912096
224944.268306751
225111.859962882
225326.969746944
225659.492594361
225668.175760979
226215.227033449
226302.495771829
226583.838968325
227018.371462843
227213.917906863
227438.46144588
229060.109385867
229548.834435343
229657.737715126
229694.130654256
230182.2657672
231560.831122881
233282.148972688
235121.866242883
235218.423470554
235874.498860912
237436.692918792
238756.426759092
240497.939064487
240653.916751277
240737.104950332
240847.978456966
241279.502929937
242059.557789656
246550.232850157
247662.206328773
248918.122674595
249517.775557409
249530.244951742
249805.518999786
249937.593924254
250097.159269416
250135.288886696
250160.820836239
250232.159466634
250545.090860225
250591.25453375
250827.201059773
250953.45767227
251012.993165663
251115.208336087
251313.350344476
251401.455176939
251459.169372112
251466.014811478
251514.350959375
251650.319516181
251843.309514628
251889.267892051
251912.865308363
253931.85085982
254733.132688785
255733.332724186
257752.695043502
258174.400070868
258449.816222457
259120.089074981
259221.881051168
259568.565042673
259599.316565007
259619.145326091
259848.850775176
259963.00037332
260114.165982344
262035.08604864
262639.929924781
262643.166854284
263188.963733724
263316.841105584
264326.772638404
264507.884452102
264738.431354606
265590.905664197
267870.434847533
268071.988356404
268238.012518828
268249.741523025
268284.436075953
268292.310790754
268662.856829964
269212.562211409
272173.931952683
272284.487734369
272680.594963991
272872.8827479
272891.242266194
273115.418135462
273504.370311256
273854.925051129
273888.368260739
274872.690659768
274891.315648793
275005.171335291
275070.449148669
275336.337274491
275484.184455245
275688.555390236
275748.375959843
275944.804972311
276069.706891674
276147.047206998
276152.07579862
276377.722983629
276396.072395209
276474.030268218
276486.799436335
277333.088374463
277800.383929582
279400.879436811
280836.765138456
280836.915295788
280844.073799769
280880.150942982
280898.878924338
280905.54687213
280909.025498469
280926.030636546
280953.171107092
280958.924708742
280961.096625702
280984.631281616
281026.34531601
281044.18491921
281048.846272687
281134.070260861
281149.225261189
281160.160222374
281171.995994106
281214.530959095
281238.293954963
281263.807718401
281266.080778104
281302.557226105
281337.172689411
281388.651194561
281413.826740684
281414.620823277
281511.95796115
281535.390432418
281536.816639048
281580.716147961
281590.220559514
281612.047487463
281640.660524389
281655.513876374
281680.540932892
281681.252502877
281769.562508665
281809.987315456
281850.879391426
281864.02944562
281876.145828921
281907.188813475
281920.613547223
282023.365035212
282029.357729383
282068.600491632
282076.285107821
282099.95315047
282105.38274395
282159.125834077
282192.150468208
282850.585558453
282894.922314355
283004.751744419
283030.105682756
283081.622966054
283110.363083332
283150.569516435
283424.912811302
283526.591002979
283528.577010698
283559.901967755
283614.282598057
285196.007228276
286193.479863317
286432.567095544
286676.498440395
287094.405947978
287175.409769456
287202.134819318
287315.875588362
287383.333852312
287403.288237633
287421.802403531
287449.812157842
287538.972840959
287945.458832435
288325.085199767
288749.337507301
290190.130717708
291180.685076785
291856.330746332
293866.143152395
294380.22159476
295270.89679339
295484.962600345
296083.400578395
296234.168734065
296346.407974687
296441.391270318
296622.63423336
298400.745721002
298831.989362277
298934.091282977
299064.700082981
299278.677633071
299339.151916888
299661.577402719
299968.370604747
300079.549778403
300583.997012398
303180.205682029
303414.579334776
304260.516877738
304363.464218257
304921.764213785
305432.170905088
305657.461948784
305834.377064814
306031.653986823
306209.277842808
306252.990120015
306529.394527277
306664.616391605
306666.527500481
308608.65550802
308644.148478543
308790.929295977
308983.045908978
309150.556565171
309493.035275697
312816.083646633
313380.076007877
313486.390888394
313910.205414011
315898.134912778
316703.520364508
317552.464613545
317601.37956964
318099.327045936
318745.147311949
321379.900302035
321435.860606477
321875.708019489
321898.704431915
322007.768924187
322089.651530061
322842.349058011
323128.398542962
323244.667163145
323355.950012744
323862.228865013
324473.725121344
325453.676388202
325475.515684847
325484.359264022
325496.17868128
325546.946485956
325582.099762766
325647.518805859
325725.721438785
325746.479694244
325821.480990811
325836.362990719
325879.799919907
325899.845571677
325990.662514927
326002.166360993
326032.049978645
326128.449004585
326282.269885602
326375.034051804
326395.602172406
326413.491855328
326467.236510466
326486.848421873
326661.573723909
326738.091573779
326804.558479933
326816.949400837
327073.115499491
327094.886176315
327124.201700314
327185.568349884
327228.15520018
327270.647338043
327288.863673703
327290.416012966
327290.997623265
327292.917693221
327342.030045288
327347.723468817
327359.904865508
327537.959051776
327542.034376621
327544.301360271
327582.532336669
327625.872014583
327676.144259058
327703.655114434
327739.701771652
327742.703776179
327903.300977907
327926.372576337
328028.895008083
328181.359444898
328297.296262764
328313.538398603
328828.101680896
329107.949576248
329527.642322354
329607.694266565
331740.810807404
332456.617865375
334609.44208871
335387.138718664
335424.119795641
335593.960999849
336708.88249565
337002.075018917
337378.232524544
338416.544789767
338550.291757461
339133.993115356
339159.176996487
340892.959626813
341886.683773889
342273.590055789
342687.516301235
342814.956354469
343724.024491076
345644.062813684
345729.608251591
347027.680993935
347257.144512165
347313.936338951
347319.518675083
347422.521669556
347479.650173608
347525.264031322
347590.724111839
347602.032194825
347642.247775769
347682.577985094
347714.860069274
347755.748041867
347793.625152994
347801.138267221
347843.54893655
347869.764465867
347950.88221774
347966.090783813
347985.493007914
348035.897509536
348052.146914455
348053.605741622
348080.144552455
348126.345171442
348153.812914179
348219.351212047
348309.393238049
348325.041004155
348329.86683158
348348.211686975
348360.437680567
348412.635178391
348430.90243944
348443.883158182
349020.23710444
349348.208407826
350565.582646314
350840.187352475
351393.863836446
352548.823484221
355963.649372023
356161.633739316
356924.962047785
357225.844132416
357318.495619108
357690.44706581
358063.836302931
358200.470366779
358209.701799874
361844.487246207
364537.769369587
364929.963545046
364956.167855042
365068.446493302
365409.197562626
365773.776578619
365780.266236776
365910.285626417
366024.869850616
366428.068386919
366699.337462389
367117.284856997
367531.592550178
367541.561428869
368127.484821822
368624.19120878
369320.074344262
369758.832872484
370031.721001593
370077.373852391
370489.369482407
370633.019476857
370956.340046688
371249.986583282
371880.240142949
372372.660691941
372586.571973252
373178.244110627
373382.852357943
373784.985204211
373904.290331151
374183.616153069
375878.01421319
375924.580697905
375966.497568598
376021.859909906
376267.956504764
376547.993751916
376573.468473026
376644.323729559
376789.265184422
377032.960169307
377042.666467136
377067.197762185
377094.490479268
377139.362576812
379075.018786369
379085.692215859
379360.814193478
379414.512183779
379559.850903817
379634.681041206
379719.293231383
379865.94763687
379911.441695179
379983.343395404
380140.157526417
380973.14261331
381312.374299827
381742.37322321
383261.043583192
384362.7106983
386631.944481216
387136.898646588
387252.025279614
387273.961724197
387372.562778075
387559.170996528
387684.306732676
388107.279890475
388198.068457951
388279.411126761
388512.409163007
388514.456193226
388562.781122139
388580.653241302
388628.939126495
388773.806807986
393084.165695525
393292.066756336
395091.198194253
395158.491193692
395753.767715
396211.028519955
396403.253881049
397440.927545091
397888.618254238
398853.917486141
399086.740174017
400359.488689754
400406.761880403
400407.075070125
400480.738913581
400590.813201379
400679.944919579
400734.948892532
400771.369655043
400881.663920963
401029.105639888
401061.498057911
401101.800902134
401220.586368465
401220.858638032
401376.988748106
401380.938796296
401405.188568672
401558.345149951
401712.925948256
401758.303485889
403617.30334442
403727.55360137
404642.422522303
404971.732896185
405310.39226429
405364.718728851
405690.279502251
405842.289101435
406270.327873289
407394.951949491
408254.187517809
408765.13979229
410609.038470938
411222.337884647
411383.976368574
411596.215161073
411731.313801506
413144.731299565
413825.748911366
413939.960948972
414563.533279964
417591.311309911
417955.186557939
418026.16038873
423554.505535958
424425.785358771
424616.609064429
426538.635989781
427589.860198288
427767.233929122
427770.019935932
427827.858836182
427903.048025519
427905.979639328
428045.174895579
428069.181509752
428229.084157525
428415.029748377
428521.041994643
428590.106501508
428732.959424138
429006.012358582
429072.055678079
430803.743254345
430935.998420399
430956.52429918
431315.246540702
431543.749609158
432539.551437748
432637.033834727
433224.353201164
433298.262674727
433526.473884939
434066.582325326
434075.895246512
434682.868843696
434722.467892398
435199.290400491
435340.668548705
436275.777708061
438029.862027135
439016.253098546
439907.440201809
440692.183751453
440932.142852499
440984.215911818
441122.59998369
441304.973441595
441333.56365755
441362.467348833
441443.21439173
441778.450567166
441816.610794316
442197.704323893
442252.826502907
442551.826946852
443083.772863449
444048.348771571
444669.020964286
445036.418631217
445134.522906234
445142.255556238
445237.013938691
445256.304540578
445294.074815736
445342.477996708
445352.501367177
445407.979773101
445510.98395867
445766.862245047
446099.446786376
446273.703488253
446313.674397473
447874.590780624
447985.000113272
449290.596709072
449383.780869045
449384.521956978
449388.711960829
449420.898216838
449441.925975668
449538.182156305
449575.549288583
449811.224440987
449986.927459104
450018.330997891
450048.446701474
450114.291624384
450143.394383268
450266.184725576
450289.256678211
450317.847257834
450506.261349502
450524.319743896
450642.558325933
450732.364255786
450766.58649127
450769.224639914
450829.683778469
450865.19936131
450940.254207704
451086.367642793
451116.908526552
451154.732096929
451156.610653467
451271.767051574
451334.027014124
451334.636258788
451448.490369578
451762.368291666
451822.570923546
451826.573231536
451879.379572117
451884.218507676
452001.16887695
454652.798226182
454737.997703794
454833.371968231
455151.169828558
455322.092054649
455338.241648678
455371.697850465
455402.811724196
455468.829251997
455486.614196117
455487.27930026
455593.594805018
455668.117091765
455676.423437138
455686.67664126
455698.082975415
455973.016271796
455978.942995822
456034.80776219
456089.30775228
456090.668207762
456285.58785208
456297.917675673
456333.909140566
456422.414383176
457958.594713861
458483.249944146
459336.322466157
461081.77317475
461360.091619012
461536.690370931
461611.588614911
461633.858454521
462199.919093313
462347.007997428
462559.88186097
462642.62522907
462751.972839554
462858.055727121
462959.002993204
462989.46812316
463041.164494497
463262.164121548
463420.838608301
465310.521336383
465344.747649688
467982.849229773
469744.338665807
469903.188338624
470132.056280967
470162.893741318
470615.722948833
470848.725739252
472002.435957921
473900.53997161
474089.085889358
474102.301594499
474397.944061288
474568.386907768
474652.563740308
474872.451754913
475155.336105964
475457.408018201
475497.035371895
475613.476506996
475806.254088394
475945.291000924
476183.960984753
476439.559500358
478729.202114182
478736.200818323
478839.139571412
480992.865297949
481008.654135233
481025.32835155
481042.191634332
481084.338551747
481136.379665583
481275.035765139
481312.723987437
481320.978435003
481326.018454825
481467.434435431
481470.449177124
481560.843893845
481587.612133759
481592.819813188
481648.061870556
481703.721458218
481769.893053881
481772.488573513
481805.269826878
481838.904669091
481900.039434694
482037.375524713
482043.644110981
482072.657256461
482097.655533486
482105.39383621
482120.411887397
482124.27034709
482159.15700664
482308.983203022
482341.061810312
482485.107005464
482988.501064059
483639.046054128
484057.222652041
484467.825722879
485500.982975778
485985.938325425
486287.217783921
486360.015473252
486604.753527976
486810.458401448
486813.226784125
487209.477002081
487251.631873639
487335.160915961
487525.703821957
487614.773606595
487875.128306924
488472.625848774
488500.165318288
488604.425793535
489658.350251645
489774.320184854
489921.625646743
490317.702121044
490436.102511824
490557.084276774
490736.434796914
490880.248248243
490909.537851062
491051.421229383
491571.287218767
491622.787428721
491665.89209271
491892.02765377
491991.017570259
492070.449207717
492106.820871774
492163.509262877
492522.607799587
492719.199739584
492994.446318144
493363.909407858
493558.462325077
493572.312415031
493710.630733096
493728.107604822
493765.661882673
493789.002113282
493807.00644769
494835.691910946
495209.725911069
495703.442453425
496366.971422195
498017.926640688
501136.593953202
501253.079518516
501341.739354274
501428.407407099
501559.312098248
501568.331074867
501737.620236446
501763.086909909
501832.149162709
501834.059619684
501885.708362355
501893.576872464
501916.491019078
501978.363225596
501990.878169281
502071.381479177
502184.917754932
502256.439798892
502272.021973356
502306.788411507
502333.582183058
502371.092022817
502393.423064371
502396.677831845
502517.978642316
503159.702010263
504606.634882588
505894.61123799
505983.88063881
506144.095925534
506363.453756656
508391.593670911
508400.096115825
508719.993802351
508815.58779747
508860.433807354
508964.943171681
509086.974870875
509146.125359128
509193.079571279
509364.305202262
509383.256445079
509408.179706548
509468.380373528
509589.648109744
509642.786045366
509843.534763928
509906.208901206
510025.812565359
510110.262488037
510208.46784731
510229.553694754
510260.933790101
510359.537122941
510682.858440109
510857.861280906
511155.791433081
513105.601153649
513924.072284286
514348.333217452
514424.250336208
515039.00633154
515374.7760075
