1925.24968272788
1939.21092179161
4992.09515529564
5203.17745779123
8251.02687471536
8276.80281507424
8406.64749273193
8848.89864613649
8894.00226544396
9085.0286586342
9194.41327432536
9386.12268211665
9395.4542447939
10367.2984148608
11548.5438024149
11594.8154532652
11698.2197866406
11789.2800343633
11816.9075652647
11863.665517419
11949.1474907548
11956.1373644362
11962.2714963298
12045.4707838605
12053.429343323
12209.4173278264
12245.3861141507
12365.6795003847
12615.6727075862
12817.0574422353
12861.8600734687
14483.046371741
16709.2264787223
17107.1637634331
18455.7902220365
18567.0747363127
19494.5693898382
20034.6585289925
20674.2831823224
23111.3449682225
23234.9421850808
23336.475975933
23402.665780643
23513.5739241102
23893.2558556353
24045.9363492845
24692.3430910927
24767.598387183
32479.4276382554
33879.1127756592
33979.3698251133
34082.4759260042
34473.9629670277
34486.6533953091
34513.2177459523
36473.2696087968
38500.2272074232
38665.4276507337
40031.39113108
40734.7864123426
43764.037163685
44297.7422383347
46151.4920794969
46231.3217408816
46266.1238613186
46504.209798166
46626.5477588915
47181.5112203316
47285.5181737328
47512.18723668
47649.8757999398
48215.5646605705
48547.5726931344
50445.5719102294
50503.5823473694
51251.1688001445
51564.3334253199
51634.9161722712
53304.518536002
53307.5990106598
53345.8530552056
53424.9823889508
53448.6091795527
53458.1504518179
53492.5646193864
53506.0807122938
53536.7362438693
53548.3392874473
53599.6476903037
53734.4595642915
53736.8983215732
53755.4880825048
53844.9442505693
53858.2798826313
53860.4669023203
53865.9736706671
53887.1491729462
53966.0871054893
53982.3679645529
54021.8452327424
54046.5493395324
54078.8734934978
54095.7511886723
54096.4283901404
54108.8520392268
54110.203593545
54192.4794285556
54198.1373863579
54198.4071775937
54241.9298819249
54304.8137803705
54321.8367321745
54328.6575543956
54387.8935920768
54413.3651625808
54452.3982042835
54453.5506353449
54482.0785975745
54514.0476524725
54544.0356112646
54562.6895616473
54604.6245059928
54607.4619432074
54625.4924746625
54633.3619690623
54705.4924630503
60740.8580995851
60932.988551975
60999.0709942169
61256.7283686087
61492.8311304335
62188.9243233906
62679.030109831
63678.5830839175
64626.4760322325
65459.6092782772
65734.1060893324
66158.6503126011
66629.4393194077
66785.4481193631
66830.0021876954
66905.6316108053
67094.9461578092
67277.0590324584
67413.673615532
67418.562286196
67610.5443851072
68544.5211376274
72677.0126144475
74493.5468887894
75974.9852451721
76368.9457502132
76385.1844262622
76439.3504390603
76520.1937108429
76602.9262474784
76614.2008483117
76614.6449201001
76767.1426292434
76911.5882066165
76926.8628724046
76962.7688258831
77031.2244460598
77031.9686013474
77057.3428349823
77083.1759682225
77101.1502155903
77103.1226817379
77106.4546536965
77123.8696885037
77127.7655720988
77170.8611138125
77247.6052597387
77400.7291361816
77474.5335679004
77545.6845693103
77558.1715358961
77566.9463948861
77599.1962266442
77633.8130838935
77640.2333993772
77643.3979022276
77653.2423397078
77754.5744512121
80126.2063194657
80271.9484054184
83436.541795125
83718.4400245869
85476.7449685947
87793.2687681029
89881.341918597
90003.2602602946
95473.4134914425
95530.8648671969
95567.5694407941
95582.3975758973
95896.583249384
95941.7307567363
96044.3858969445
96105.1753554935
96307.8477513275
96377.3669215439
96457.0013783538
99328.6734775892
100001.309039654
100164.119102998
105963.163341838
106255.212346775
106433.617850279
106590.477604323
106827.468102976
106891.839377529
110567.780298818
110862.405402656
110959.709921152
111528.41962514
111570.610374461
111680.905018811
111961.449770736
112051.857712756
112905.669548471
113078.900964069
113210.224807139
115327.915149059
115382.270810046
115562.037910399
115697.794362783
116060.379956966
116238.411708974
117087.055554661
117109.062918885
118388.740635409
123188.489930983
123663.327425833
126228.028435383
132520.569268739
132575.397658504
132613.451664923
132760.167522332
132798.31271937
132947.613701687
133070.207459079
133215.96876204
133436.868551355
133577.321468251
134581.39851789
134627.217371182
134682.347179338
135136.183485479
137449.508764502
137775.58396914
140324.964248268
144489.70111344
145499.342360038
146608.904487372
147881.139516871
147897.785265
150449.455125357
151145.816062158
151499.752581725
151859.434448691
152180.150040868
152303.729675245
154659.717574149
154777.380622736
154829.410506566
155073.112264419
156111.57430922
157231.66501979
158156.507826024
158207.647661162
162212.492462841
162729.314104959
162856.807132447
162891.031955418
162916.630540873
162936.786375801
163008.640663412
163012.346244059
163048.107518037
163054.254347261
163171.379345989
163274.67471388
163283.971998299
163423.833554678
163434.119064276
163561.915383036
163649.921331472
163679.785448304
163683.556721635
163696.130950672
163750.20016694
163921.449405172
163960.441164657
164030.854106686
167049.569964149
167153.024633014
167159.138050579
167176.071397618
167492.434873505
167494.339321266
167563.158301062
167640.878012841
167997.357733912
168005.248443387
168011.173173158
168060.422998784
168105.587136964
169928.157885208
170337.670119273
170540.208187036
170622.308878856
170922.678508298
170991.737044142
171226.663116613
171249.606115588
171757.762708605
174503.841008433
174771.940757381
174802.194712427
174881.080285858
175149.881232485
175604.97145798
180210.815742068
180919.338006427
180998.98072199
181771.186896735
181958.75502125
183462.637352089
184649.301104863
187250.140906825
188192.785537619
190510.011641881
190889.116866459
190889.839874924
191122.643747135
191311.31791216
191338.075413841
191699.579542843
195842.672640507
195883.276839732
195897.780044279
195999.994965267
196166.429866936
196275.733224124
196322.119947443
196503.862702902
196504.922056928
196600.592206571
196612.420415124
196685.255062681
196784.920131037
196846.078276513
196948.383226541
196966.538261899
197024.208898886
197027.603582535
197083.323687207
197115.532438492
201845.862529834
202117.763792578
202245.844727129
202958.824382915
204483.242473111
206727.361721977
207067.954655938
207450.806751418
207881.296090477
209352.585481921
209722.638592375
212141.540866701
213163.997808542
213201.780267622
213970.801165758
214092.132087395
214102.166108487
214379.879918674
214448.105969744
216775.277728994
218445.828809948
218782.792076249
220021.699763537
226175.966010576
227086.066344753
228419.965077823
228651.738278947
229544.868914232
229680.148416519
230631.565395713
230685.272616761
230718.301653399
230965.629375222
231126.192714361
234142.930668974
234307.715931551
234349.045709028
234492.206513567
236475.226275929
237114.003308317
237786.009846578
238056.574805185
238558.619388741
239070.935160368
242170.392314937
242749.269912255
243223.020476053
243375.769259695
247683.071135624
247790.156162406
248119.338687355
248271.852289956
248680.802005985
248730.175827433
248730.829822108
248755.561618155
248769.739491923
249097.804526823
249267.485626018
249470.463397673
249540.446364432
249865.223021285
249878.213993824
249955.9398708
250236.598138816
250437.762379619
250815.810920114
251922.584152266
253571.829717851
254874.562396451
258361.108240949
258481.569244883
258768.375288808
259677.703220647
259826.761970531
259973.32112557
260024.195560824
260135.322964609
260716.602567699
260742.422000165
261853.456860221
262406.502397662
265220.468898292
265497.152504787
265661.938947518
265777.572527523
265835.530062176
265863.997216487
266081.301525915
266105.011267432
269594.198558786
270385.677433591
270647.247339059
275041.543010791
275821.362011857
277745.611288763
277924.799077123
279294.725499144
279392.13825927
283574.329471324
283730.934434056
284388.51264635
284439.156538853
284527.148006895
284546.217667397
284614.134104118
284821.940965454
284825.518048087
284953.775622999
285276.420974797
285823.475030759
286091.567521941
289496.143393577
291036.593019937
291295.518040533
291650.9697775
292714.742969048
292878.169542826
295668.693841494
297826.77820425
297936.119034079
299568.081089699
299660.673912294
300112.966593467
301773.249243757
305016.899382592
305033.462881968
306350.70608233
308702.530708528
310475.503741575
310722.359346407
314261.388749778
314761.641119966
314834.597086994
315456.983836694
315923.023003913
316438.891468141
316954.157749716
317169.831274312
317255.472105595
317537.642271578
318105.991929379
324070.406824118
324267.505747824
324907.050294973
325113.396931435
325420.700273843
328174.972067625
329199.907681623
329935.060512076
330120.553207193
330304.072459536
330996.93670867
331277.611469249
331364.571453736
331368.842499939
331406.986393857
331417.46005071
332060.791112666
332082.490790972
332549.29372319
339938.998440759
340255.272213075
340436.427825392
340496.728230428
342449.163818577
352333.362005553
352747.35448238
353050.564450106
354162.698631331
354491.700059147
355973.065888116
360147.383881914
360401.684441091
360540.922282405
360594.650274957
360742.668090707
360845.551551288
360984.623570075
361035.220091321
361147.416088974
361389.414564399
361432.455210254
362090.853487447
362642.798911952
362832.07910824
364036.00631079
366469.049915219
366518.06455532
366696.238756519
366771.178716433
369136.291401829
374481.728729594
374494.59544252
374615.51185847
377356.02842638
377368.596148292
377427.507547866
377567.410145659
378059.603335374
378134.352728027
378261.995124498
378385.510865171
381097.70433206
384420.220832053
384711.77238664
384884.065079607
384908.37500616
385043.456941568
385167.550857892
390549.95614854
391147.693636018
392408.771680789
393700.604858759
399027.602290719
399326.389722192
399446.807295396
399966.572703064
400166.057233705
402928.418598021
405427.959351413
409455.735071744
409470.581977662
409822.337819956
410101.910057357
412589.248404104
413452.404497143
413480.315584623
413922.605729718
415447.145914984
418010.293714902
418046.671365381
418081.241078643
419593.630335438
421943.463628701
421958.457347826
422114.211685445
422813.75655335
423011.5827108
423214.552809625
423477.813020153
423718.76061967
423844.779456259
424496.083839458
424687.922654465
426421.662244441
426707.909962383
426869.050068116
426956.394615873
427155.507593441
427771.29729525
428412.322677408
428561.046107158
428735.005544687
429099.602110896
429099.867018474
432513.244962326
432718.422518037
432926.857777511
432976.099348055
433148.271743111
433379.27524975
433418.771631214
436352.736352588
436720.254027872
436748.72553828
436753.144290218
436830.368978961
436865.324096871
437004.818464657
437246.412644493
437331.263035363
437524.836249076
437569.923971377
439411.915243121
439827.824518266
440116.565416766
440218.618604048
440263.26804961
440537.22949432
440741.997812008
440799.431218938
440852.384499188
441038.823798881
441140.941468711
441203.622598911
441484.769421538
441635.845228342
441813.247135686
441843.80217096
442786.79201983
443422.125848805
444630.121363802
444898.480380875
447276.323160031
452196.311664388
453893.541714418
455289.660856057
455533.290394795
455651.427312178
456043.901209909
456743.791953425
457366.579309423
457581.069035578
460668.095241845
461244.488345834
461380.330936774
461523.83000649
461826.239528407
461842.208294331
462172.606563888
463823.148011425
468001.468369875
468050.009628356
468427.715582177
475297.714476689
475575.588909742
475710.151871887
476156.471747544
476304.049894699
477700.037406362
480178.060259111
481076.085905328
481832.487582099
481880.108686829
482082.483435566
482385.022664691
482908.32138874
483029.864906658
483188.903538932
483408.395675782
483826.725903726
484859.180154526
485075.596301496
485657.473379164
485682.146473824
485907.003317948
486507.823798808
486533.376605776
486688.409068791
486834.376288294
494002.530794159
494051.629629615
494289.956943055
494327.957459389
494332.378654617
494645.30734164
494681.504525036
494714.017528893
494733.322588836
494744.331958079
494909.099088867
495165.896276172
495265.466620837
498300.250724724
499677.948755718
511061.015787546
512218.326267992
513397.39403613
513492.80713372
